1 0.563738 1.49962 5.85555
2 0.691387 1.25435 11.163
3 0.738525 1.18369 16.5106
4 0.75771 1.15529 21.7644
5 0.770447 1.14253 27.5952
6 0.77761 1.13466 32.8593
7 0.784773 1.13033 38.1162
8 0.789438 1.1342 43.5808
9 0.789845 1.12759 48.8119
10 0.79389 1.12868 54.0249
11 0.795942 1.12315 59.6599
12 0.798382 1.12386 65.1779
13 0.798111 1.12293 70.5161
14 0.801266 1.12246 75.8408
15 0.802757 1.12292 81.1457
16 0.801731 1.12399 86.5049
17 0.804673 1.11877 91.8108
18 0.806667 1.12087 97.2042
19 0.806493 1.12129 102.52
20 0.808661 1.11642 107.794
21 0.808216 1.12216 113.098
22 0.808913 1.11759 118.358
23 0.810829 1.12114 124.53
24 0.811255 1.11998 129.853
25 0.810752 1.11727 135.198
26 0.812571 1.12034 140.438
27 0.812262 1.11798 146.21
28 0.812513 1.11554 151.589
29 0.810752 1.114 156.86
30 0.814178 1.11574 162.207
